image_2217_jpg.rf.01a267e24b52eedfb9338450be077007.jpg 73,286,301,350,0
image_1238_jpg.rf.01cbc857a1b7da75931b8e850ecc65d7.jpg 166,332,403,370,0 172,165,414,228,0 58,22,153,91,0 57,187,147,224,0 218,91,373,147,0
image_3916_jpg.rf.01e8fe21a6c501a0f7008ca56167ec03.jpg 215,169,415,205,0
image_1608_jpg.rf.02312b5561e0a17f543d22416eb48a04.jpg 44,313,322,385,0 4,221,218,290,0 154,10,247,49,0 37,51,145,89,0
image_1401_jpg.rf.02c41c50705481ebb770c13fdf4ce9ee.jpg 25,268,339,324,0 142,352,254,407,0
image_620_jpg.rf.032d18636f95f84e0127c323031b6234.jpg 101,57,302,88,0
image_426_jpg.rf.03f96c3f03c87f59e255fad500344ee4.jpg 20,166,138,200,0 4,346,251,386,0 142,215,242,238,0 171,28,319,56,0
image_4632_jpg.rf.04183a9e21aebe23df26cb3fcb147203.jpg 32,133,278,166,0 50,361,272,396,0 42,37,314,72,0
image_3845_jpg.rf.049e345b939ef5914c9c21551a9f62c8.jpg 84,43,217,82,0
image_926_jpg.rf.04bbbf61c2526ba13a9441a511624726.jpg 47,131,342,172,0 114,182,343,222,0 15,290,222,325,0 144,68,334,120,0 0,328,289,369,0
image_4685_jpg.rf.0536974928b880e0c51b2f0fb9705b17.jpg 29,120,362,181,0 62,280,388,349,0 252,49,323,90,0
image_2076_jpg.rf.04c9d827092483dfc090e2ba31d31810.jpg 36,328,332,369,0 241,127,314,195,0 11,14,327,90,0
image_1953_jpg.rf.0554179668de1a8d1d080fc2584378b1.jpg 50,217,236,246,0 63,31,313,97,0 174,268,315,304,0 47,119,238,189,0
image_4135_jpg.rf.0636ce93b72235b32c71234ece39fa95.jpg 55,13,345,48,0 88,235,404,294,0 41,321,407,401,0
image_442_jpg.rf.083fd855d81b94d060c54f9b681b54ac.jpg 0,323,89,354,0 224,93,333,162,0 99,106,214,138,0 85,159,179,182,0 92,20,373,80,0
image_995_jpg.rf.06b3b65e37da550ce9430f7687754695.jpg 81,37,172,64,0 17,111,186,148,0 75,323,288,356,0
image_2014_jpg.rf.09320d8293058a21e0a52003ae1ec5c9.jpg 58,232,180,272,0 33,8,162,66,0 125,108,374,136,0
image_866_jpg.rf.095c340df108bb3e6905c628fb26bde1.jpg 232,77,387,124,0 32,323,243,362,0 94,177,272,236,0 92,251,344,280,0
image_1813_jpg.rf.06ddde63ecec05b7770b562703e99fe4.jpg 121,96,362,176,0 34,307,254,341,0 65,188,313,229,0 27,25,228,57,0
image_185_jpg.rf.088f0493b0d6b5576f7d64b088ba52fe.jpg 20,81,357,126,0
image_4895_jpg.rf.0a75ad5850f777c20faf719aa4ab1bc1.jpg 20,325,241,365,0
image_3940_jpg.rf.09d4657df049ab5b4d80eb0e8ad24fc7.jpg 18,314,209,346,0 5,151,101,212,0 216,50,360,88,0
image_2730_jpg.rf.0b3082c96d26dc1efc320330df9a490a.jpg 33,176,207,235,0 82,91,185,130,0
image_4159_jpg.rf.0a3b3bdd47885b59ab853eeea3ad46de.jpg 107,305,293,345,0 23,219,254,292,0 2,7,79,46,0
image_3627_jpg.rf.0afaa069595a5e1c40e1cecb98d0afe5.jpg 106,196,245,269,0 88,68,304,125,0 3,228,91,263,0 0,286,66,321,0
image_159_jpg.rf.0cc44fb4544350b83a85ad42b154a58a.jpg 82,309,345,368,0 74,217,289,267,0
image_350_jpg.rf.0c851c73545e9cf2bc5db99df30c3bca.jpg 23,267,316,333,0
image_3996_jpg.rf.0ea498d667a0e29923ef17c6fd39fef3.jpg 60,16,189,53,0
image_276_jpg.rf.0bbca4443112c5679374e5b7ba5a664b.jpg 323,250,408,290,0
image_1622_jpg.rf.0cab07dc0c8117bc916ec671bba2f28f.jpg 3,90,307,132,0 52,227,271,264,0 72,299,233,348,0
image_785_jpg.rf.0de911867157c0dfc50f88a859984711.jpg 10,295,249,331,0 108,333,282,370,0 61,66,390,96,0
image_2080_jpg.rf.11ea0f6c9731f445942566d5ea368c23.jpg 106,313,360,382,0 10,107,341,176,0 60,24,354,105,0 63,225,149,261,0
image_3454_jpg.rf.14e1f41911696e22ce7deb1c58e257c0.jpg 87,137,269,184,0 22,334,186,389,0 45,13,310,62,0 56,73,179,91,0 37,240,221,294,0
image_3641_jpg.rf.1288f7e8cb0f889f9594b283195d7163.jpg 142,164,385,244,0 56,29,210,85,0
image_1009_jpg.rf.13d28825f0bafa2800062ddd1e166860.jpg 32,318,372,379,0
image_2765_jpg.rf.122550153145567fc255e112a457c329.jpg 216,280,345,321,0 73,67,277,107,0 39,145,274,186,0 253,328,354,364,0
image_4594_jpg.rf.0e1ca8a66db17dca02b175d59e6be2cb.jpg 213,33,375,98,0 89,320,343,383,0 33,134,328,175,0 23,251,302,313,0
image_3351_jpg.rf.0d0269c558a9a9229671109b4a333093.jpg 188,249,303,282,0 65,133,358,168,0 82,371,364,410,0 60,36,238,91,0
image_1435_jpg.rf.0dcd044433d1122bf955995ea9747741.jpg 233,287,401,324,0 49,59,116,86,0 129,174,243,210,0
image_1662_jpg.rf.12ab23e270c45cf35f71e3de5ca128d5.jpg 20,28,298,103,0 165,243,366,291,0 49,181,392,226,0
image_2887_jpg.rf.115bf97430ba05a380a9dd0736a8f143.jpg 180,76,263,129,0
image_4472_jpg.rf.18eceb3fb166a4432283cf1486a86123.jpg 23,146,341,171,0 122,227,291,296,0 0,347,209,377,0 8,52,230,83,0
image_3810_jpg.rf.16b35652a7cd2149afb5940e7fc3b9d4.jpg 53,109,294,145,0 76,205,350,253,0 156,274,370,319,0 16,329,345,400,0 72,42,270,102,0
image_560_jpg.rf.15e584d84dfcfafcefa7afc710f09ae1.jpg 157,133,248,162,0 21,297,245,362,0
image_3082_jpg.rf.178c28feb963da5bb10b3146ff822830.jpg 53,111,387,160,0
image_3818_jpg.rf.18961709dc5377da28c78116c526c563.jpg 262,48,352,84,0 154,250,269,304,0 44,79,117,105,0 29,162,211,191,0 143,31,238,83,0
image_4964_jpg.rf.143acfb10fb800197383ce52e4724968.jpg 15,64,169,105,0 153,171,281,198,0 118,230,387,273,0
image_777_jpg.rf.17fa48669c823d787eb2fc515a578d4f.jpg 104,317,262,372,0
image_27_jpg.rf.14f91ce9de38f388e7f6ab4e9fab4f7e.jpg 85,15,389,40,0 223,157,375,225,0 97,94,333,124,0 30,298,192,322,0 169,354,363,385,0
image_1655_jpg.rf.137f3100a9d2b2ac542d2ee8696a971a.jpg 100,92,381,158,0 56,316,366,377,0 9,172,253,208,0 70,21,312,55,0 281,213,398,252,0
image_4792_jpg.rf.13baa9b1bda66605a9e27cd9150df709.jpg 133,171,331,231,0 110,292,250,363,0 99,51,325,80,0 189,90,393,143,0 267,347,341,370,0
image_614_jpg.rf.1a02ca6add0b5a3b4abbcb87a41c5546.jpg 169,343,320,380,0 215,158,383,211,0 84,42,380,115,0
image_481_jpg.rf.19cf3b345251de6658e35bbc27da335b.jpg 169,211,339,246,0
image_2164_jpg.rf.179f4791dc8acbf51124c2b08362653b.jpg 191,23,388,51,0
image_1104_jpg.rf.1ad3337524cd9e3e0c45615c4cd6fa83.jpg 255,346,368,404,0 114,213,303,295,0 44,5,147,67,0 104,87,228,123,0 237,65,374,105,0
image_2752_jpg.rf.1a456ee37c45093476e3475813c9c04d.jpg 119,186,340,215,0 71,104,156,127,0 46,223,316,258,0
image_4453_jpg.rf.18fbb45d6cc317dd76d256bb9369709b.jpg 109,151,235,190,0 173,286,290,318,0 92,8,234,92,0
image_286_jpg.rf.1a10f0a0b0eddac60cd90b26d807f6f7.jpg 186,160,399,214,0 93,30,195,71,0
image_4438_jpg.rf.1ad4fb47a502bdb27be0eeda7ab17caa.jpg 0,179,332,239,0 82,294,194,320,0 10,69,225,128,0 34,241,258,270,0 63,329,196,352,0
image_4138_jpg.rf.1a783daafb95d04d25975d09f15da21c.jpg 20,207,373,258,0 24,118,349,148,0 125,269,303,310,0 137,325,392,395,0 269,46,379,69,0
image_4765_jpg.rf.19f1f254b4c4db21ebd618f771002b75.jpg 84,171,207,214,0 25,274,172,316,0
image_4416_jpg.rf.1b0a67fc45c1eae8f498622fb33f4a28.jpg 129,276,386,306,0 117,363,359,390,0 104,50,397,99,0 92,185,291,213,0
image_1744_jpg.rf.1d9da6049d1dc0a4112a6942dae1c03e.jpg 66,184,401,234,0 232,341,401,363,0 227,84,318,157,0
image_4804_jpg.rf.1c3d8db7caf71c2ee9a87b25933afe88.jpg 114,217,321,254,0 40,301,170,337,0 49,14,263,55,0
image_2189_jpg.rf.1bfc202f33598576b2a57ea0d2ad18ae.jpg 5,213,235,285,0 136,351,268,390,0 81,146,348,207,0
image_3012_jpg.rf.20bba08c4a1cabc7d0b6863fbad57bbe.jpg 9,86,228,117,0 168,158,326,222,0 117,321,255,381,0
image_2442_jpg.rf.2224f6e01fb621eecbd2f29b077098df.jpg 98,341,174,376,0 16,78,157,112,0 306,38,401,95,0
image_4198_jpg.rf.1a5723bdf261104764e68dfb63fa7cd2.jpg 107,263,250,315,0 60,13,165,49,0 261,118,383,174,0
image_408_jpg.rf.22d3ae8249c392be2c99acdba3bdcf79.jpg 91,205,248,283,0 38,53,256,119,0
image_2205_jpg.rf.1b3b3af558cf612731f06101b17e8979.jpg 189,348,302,380,0 119,228,315,296,0 49,87,305,125,0 167,126,347,202,0 19,131,156,207,0
image_1841_jpg.rf.20317df303e2785d93c0519736d08a35.jpg 165,46,383,92,0
image_686_jpg.rf.1f0393b676d32fb45811e9820ead66d0.jpg 3,210,305,280,0 128,97,293,154,0 49,40,234,62,0 51,356,237,384,0
image_1363_jpg.rf.21710a7866ae8c87c48f859475c59344.jpg 7,6,189,73,0 209,242,344,271,0 51,317,372,390,0 31,154,130,191,0
image_4583_jpg.rf.233afe365ec15ddc3e43247857c3653e.jpg 37,320,208,356,0 135,13,380,49,0 31,174,205,213,0
image_2419_jpg.rf.2ab00d6c7c6ea237b5415b3c1ec6335b.jpg 186,17,350,57,0 175,353,299,406,0 0,144,229,183,0 43,79,108,111,0 2,192,240,259,0
image_1715_jpg.rf.22da464d5ee18afb06a69c6743370b4d.jpg 76,296,351,360,0 259,182,364,254,0 123,51,334,91,0 42,117,233,148,0
image_3322_jpg.rf.22e4f42f98cc2deadca814f3a378d679.jpg 132,333,333,380,0 57,14,363,90,0 106,178,382,226,0
image_607_jpg.rf.295dba5227b9af003b9f07dfa2f580ac.jpg 87,268,210,315,0 51,10,351,63,0
image_623_jpg.rf.23770a1fa8c771a61f9c811a866107ab.jpg
image_4214_jpg.rf.28f28d138228323f21f1182f54022e30.jpg 74,289,389,360,0 92,26,184,61,0
image_2948_jpg.rf.1e97d6db02bf837c4fa9c051bf191ede.jpg 7,84,240,155,0
image_2256_jpg.rf.23df5f7ce4958b821e80f77309fc1a2b.jpg 43,3,412,36,0 121,230,296,268,0 72,325,244,359,0 206,95,306,147,0 194,147,350,186,0
image_4813_jpg.rf.2906cd9366901060db38e2c4f7d46999.jpg 53,118,349,181,0 140,230,318,285,0
image_2497_jpg.rf.24134ec17bb305ca8e695dbdb380749a.jpg 132,306,202,334,0
image_2604_jpg.rf.275b6edc6d94fa043dd7c9432d892f62.jpg 11,26,311,111,0 26,313,324,375,0 34,144,399,224,0 189,227,390,307,0
image_1975_jpg.rf.28e0ffc2ea7bb7f410b8dee98d09900b.jpg 118,280,197,350,0 5,103,85,129,0 26,148,111,184,0 255,0,358,36,0
image_1573_jpg.rf.26fd5ab7590920f6fa8076adef4685bc.jpg 60,235,411,275,0 11,92,214,135,0 0,296,269,355,0
image_2631_jpg.rf.2a0a7854de4bfcf4372b64f1ca47dec4.jpg 41,258,123,320,0 36,330,259,368,0 143,55,362,89,0 143,180,308,213,0
image_102_jpg.rf.2986f62a0652439c069076afb3001a8e.jpg 200,1,364,26,0 42,308,182,373,0 45,174,368,226,0 17,228,314,298,0 111,56,322,126,0
image_525_jpg.rf.1db0cbacd3c46f96b41a8b30d544f4d2.jpg 101,69,270,104,0 55,193,169,233,0 182,137,331,196,0
image_1407_jpg.rf.28eec6b194047ffe71fae299e09aeab5.jpg 34,300,266,377,0 102,195,231,225,0
image_3378_jpg.rf.2ab0eb2a65ca1362de02d3ca4b0c0618.jpg 30,293,284,368,0 196,32,296,72,0 143,92,240,126,0 126,183,201,220,0 306,75,380,106,0
image_4344_jpg.rf.2c222d78513ce0edc10d4f34bcf9cfd9.jpg 61,95,328,125,0 94,151,224,226,0
image_503_jpg.rf.29f373dc63dc21da8d815ce25bd5e972.jpg 120,316,327,351,0 234,129,389,164,0 57,73,204,109,0 101,205,354,262,0
image_2280_jpg.rf.293c41cd998c4799be80e90314880db4.jpg 56,206,188,247,0 196,205,363,284,0 125,325,297,362,0 225,57,323,121,0
image_1582_jpg.rf.2ca0a0654355d8966b2c47e01d00b191.jpg 2,128,240,205,0 1,237,161,266,0 67,281,204,321,0 144,19,224,56,0 279,233,387,283,0
image_4232_jpg.rf.2f3db3ca3710beb2f032aa523e9832ef.jpg 17,115,229,175,0 152,345,207,370,0 152,184,318,218,0 44,7,206,48,0 123,228,211,261,0
image_213_jpg.rf.2bb3b31e34e867c3ccee9f368077aa51.jpg 220,189,384,214,0 32,262,274,296,0
image_1380_jpg.rf.33e93562ef155cd92b80811e8a2db095.jpg 107,340,247,387,0 126,217,334,274,0
image_1344_jpg.rf.36063e792ee4b81586143fc1040f9fee.jpg 52,357,278,410,0
image_3734_jpg.rf.3217822ad474a59646dcf2ccb7be6156.jpg 104,338,248,374,0 31,253,183,316,0 311,224,403,255,0 34,175,181,240,0
image_803_jpg.rf.3398e7ec2e9b10c82fcd306e3d37dbe6.jpg 246,124,317,173,0 8,21,167,62,0 97,132,185,165,0
image_4136_jpg.rf.2d9f9233a3d7bd99d56018b9afd8cad4.jpg 90,330,171,366,0 134,10,306,46,0 123,144,252,181,0 12,90,252,125,0 39,213,367,254,0
image_2212_jpg.rf.36d707127bdcb6f856ba4de8a7f2f6e6.jpg 18,150,353,184,0 3,273,106,305,0
image_3766_jpg.rf.2e8b06b004c14bf50a1251b533bae555.jpg 178,60,373,100,0 134,153,369,231,0 59,357,285,393,0 171,272,392,354,0 5,255,100,310,0
image_3429_jpg.rf.35d1690a3b13469264cdfc28b49e7cdd.jpg 62,338,235,369,0 124,121,366,182,0 161,4,327,41,0 29,195,204,236,0 2,74,108,98,0
image_2190_jpg.rf.38054bf2848c8e80cd519a28baa481e7.jpg 173,316,271,379,0 200,183,282,240,0 11,30,256,71,0
image_3081_jpg.rf.392a8ee52f9eccb2f38014140a1b61d5.jpg 64,324,282,388,0 171,250,302,292,0 10,96,153,150,0 155,181,309,207,0 207,11,389,71,0
image_3118_jpg.rf.2f663afad72e2f3d82d6f3e6e091aaaf.jpg 114,27,189,100,0 259,291,377,333,0 207,229,324,263,0
image_4119_jpg.rf.37679bb83451d1b0f4c47206c45de50e.jpg 197,256,317,282,0 41,113,237,191,0 249,168,403,197,0
image_2239_jpg.rf.306486b60ecd9fe0b57455e1b4b32ff2.jpg 134,299,248,359,0 6,207,350,254,0 212,7,392,33,0 15,111,274,144,0 181,46,373,101,0
image_705_jpg.rf.364469ef147cb6e7c4c464a329ccfd0e.jpg 124,141,379,176,0 9,72,360,101,0 28,201,143,267,0 153,201,334,243,0
image_1550_jpg.rf.3ab55675d21b3e456ea2f435b804fb02.jpg 133,137,272,174,0 71,196,258,237,0 87,33,349,72,0 190,271,354,343,0
image_4383_jpg.rf.337ed76071e17bb23bf8c3b2135e4ac9.jpg 207,166,313,216,0 1,50,59,89,0
image_2029_jpg.rf.392daa0ee77731c2b1e93c9d9049e480.jpg 95,173,210,209,0 65,71,413,137,0 47,261,249,337,0 214,361,295,407,0 151,27,241,61,0
image_2077_jpg.rf.3a15b36766cce9492b704587d9968cab.jpg 33,293,318,368,0 142,27,241,96,0
image_2908_jpg.rf.3a535471377b90292aaa1ed7eecc4a0e.jpg 45,9,107,44,0 13,252,298,323,0 49,112,377,183,0 138,189,310,245,0 239,34,334,64,0
image_239_jpg.rf.2ef09e2516ffbf15524ca6edd5613975.jpg 67,243,225,276,0 31,162,92,203,0 219,96,391,165,0
image_1293_jpg.rf.2fe260a57ab829d2028d30081e73738f.jpg 102,236,352,270,0
image_2619_jpg.rf.38782d79549d4f4e94f74c15ab4f6e5f.jpg 70,233,301,285,0 93,20,270,58,0 186,90,399,155,0
image_928_jpg.rf.30c66b68e7b48cdac68041654b9355b5.jpg 24,347,209,382,0
image_1706_jpg.rf.3a947448aa63d303d062964007b231f0.jpg 3,113,369,180,0 93,12,178,47,0 35,190,173,221,0 68,243,379,281,0
image_233_jpg.rf.4038ece11de8696c587a12532a78cbfb.jpg 50,33,202,68,0
image_4312_jpg.rf.3c3a4c49c9768542d45b62ad0039cc98.jpg 9,194,271,258,0 221,358,344,391,0 152,35,300,91,0 27,114,353,153,0
image_441_jpg.rf.3c9d7395e94575bbc46ae5c7910e423f.jpg 105,342,296,409,0 121,98,184,129,0 100,183,184,223,0
image_1313_jpg.rf.3cd556489578ca9ddd6ec06cf02f4e2a.jpg 198,279,327,319,0 5,73,196,115,0 85,179,375,249,0
image_4428_jpg.rf.45b71d5e33fa0bcec871010d9764767e.jpg 84,92,290,149,0 77,274,262,329,0
image_261_jpg.rf.39882c142e034128cf1e8caed4fd7d07.jpg 264,82,398,118,0 39,225,279,296,0
image_1746_jpg.rf.419fbfda02fe38e967bb208aa9b32368.jpg 76,93,162,134,0 15,209,119,244,0 65,289,320,355,0 275,154,403,220,0 167,43,327,116,0
image_4579_jpg.rf.3b6e28935ae7c46bc5ef810989cace5e.jpg 106,283,361,320,0 25,45,343,82,0 80,145,321,187,0
image_3180_jpg.rf.4472c0d71d4bdfba5edc7be60c5ed733.jpg
image_3079_jpg.rf.3b6610eac2d8f4473e82cb5e4d356089.jpg 30,250,206,328,0 88,9,200,86,0 86,91,260,149,0
image_2613_jpg.rf.3b38d77c4a2625eb4cc46a2542a032ad.jpg 122,161,261,224,0 216,263,388,323,0 221,17,334,43,0
image_2904_jpg.rf.41909e8dcb1cd56cb020f27d30f53518.jpg 160,72,255,108,0 0,191,273,230,0 126,298,224,332,0
image_1839_jpg.rf.419d39707802e9d17a95b1377a71e273.jpg 179,210,380,278,0 17,310,146,332,0 128,121,402,165,0 165,339,368,366,0 97,43,266,67,0
image_2558_jpg.rf.42d349f66721e19861a58175cf141a3d.jpg 36,221,317,285,0 76,353,338,380,0 27,72,346,120,0 132,124,331,190,0 55,12,201,60,0
image_316_jpg.rf.3e65540c305f3b9b00a00c3a81dc2707.jpg 24,243,176,281,0 139,79,245,151,0 240,208,377,241,0 33,304,186,337,0 253,18,358,50,0
image_850_jpg.rf.444a812752fca865195eae495f794196.jpg 66,153,251,238,0 7,346,68,372,0 101,49,307,126,0 88,262,188,313,0 284,169,382,205,0
image_3056_jpg.rf.3dbb7d0ab79de676199d529a2bd52380.jpg 84,279,337,330,0 16,155,308,222,0
image_1430_jpg.rf.43a5ecae98ed8e3b1bfee15d38c236d5.jpg 105,234,276,272,0 23,277,102,308,0 35,161,190,195,0
image_2333_jpg.rf.3c791ebf489f26a0ef2c6673797b8b18.jpg 43,29,118,60,0
image_1309_jpg.rf.441c187918ea0b0e61cffdeedf3fbdac.jpg 51,122,381,158,0 86,284,279,320,0 12,209,223,283,0
image_4887_jpg.rf.43de9365fab3a7a09819fe821886418b.jpg 27,256,308,335,0 12,185,128,217,0
image_3022_jpg.rf.447f109cccae55732b7cf4afb526162a.jpg 7,220,237,282,0
image_4663_jpg.rf.47bf1d4ccd8aecbcfb62d5487452a0f3.jpg 276,315,409,378,0 82,45,230,112,0 164,145,249,181,0
image_4476_jpg.rf.4690cee2fac4c1a8dde9ab2496273392.jpg 1,144,125,220,0 29,288,260,316,0 284,342,381,377,0 22,327,121,360,0 138,127,344,186,0
image_4989_jpg.rf.492b10fe8478b0d99d9607bab14fca59.jpg 2,262,335,316,0 138,349,323,392,0 231,72,343,125,0
image_3665_jpg.rf.4149c62d3f0bfad6aa7291057fe36092.jpg 101,234,228,297,0 118,49,363,110,0
image_4066_jpg.rf.474415de172602bf98caa700208a6af2.jpg 69,365,212,397,0 104,155,214,197,0 2,248,285,277,0 28,78,138,112,0 248,174,349,202,0
image_3422_jpg.rf.478b9dba7659e6c5098db1e27581e435.jpg 8,27,145,67,0 101,94,234,149,0
image_4364_jpg.rf.476b5064e7d599698c313248691515ec.jpg 104,232,287,265,0 141,47,231,82,0 62,92,359,134,0 34,336,170,387,0 192,343,298,383,0
image_1993_jpg.rf.42b7eaff4f20c0e4fd79dfc1f5162964.jpg 39,53,92,90,0 137,111,293,144,0 118,282,295,344,0 106,28,369,90,0 221,159,340,203,0
image_1961_jpg.rf.47e5193474723b26ab0e9c2539d925c8.jpg 72,16,220,76,0 162,179,408,219,0
image_559_jpg.rf.4a124e509cf335f8a5c371ab9eea9b35.jpg 21,146,307,207,0 158,37,397,103,0 13,262,172,302,0
image_619_jpg.rf.4e01232f9f7b04cf9ca14e1146e3b02b.jpg 57,299,359,333,0 35,212,109,240,0 202,162,263,199,0 114,36,356,110,0
image_3931_jpg.rf.4a016d61de261c6c61099784f6b5746f.jpg 2,121,292,157,0 166,179,396,218,0 14,291,178,353,0 78,36,263,72,0
image_4199_jpg.rf.4727c04d15d1056abd725f064859c385.jpg 164,200,399,273,0 32,306,254,374,0 67,15,282,88,0 0,109,197,168,0
image_494_jpg.rf.48d8615e8297816833378972285e95fd.jpg 35,81,370,154,0 18,171,389,235,0 46,277,353,317,0
image_2986_jpg.rf.4a6521ea7e8237910807ffc559ffaf90.jpg 54,196,122,243,0 84,55,199,121,0 202,53,383,89,0
image_3785_jpg.rf.4c14d912d0e7d02ed14d63abefb7351b.jpg 54,161,390,191,0 37,272,181,345,0 283,314,383,340,0
image_85_jpg.rf.4edc9613f75a1db68c00b61f8316d332.jpg 86,144,288,183,0
image_3477_jpg.rf.4e81e53443bf6aade2773007f881cfd7.jpg 28,217,143,266,0 39,120,181,158,0 167,305,246,332,0
image_14_jpg.rf.4a55576b6573f1ef375a1b500a232cbd.jpg 41,77,377,160,0 12,301,282,376,0
image_4575_jpg.rf.537bbe481ddb9db069192e77b49d42d7.jpg 116,115,243,175,0 41,39,330,101,0 290,227,394,264,0
image_2970_jpg.rf.4f5b9ce6fcb0fae8b5126eea6e7d10e7.jpg 150,206,398,266,0 70,114,318,186,0
image_976_jpg.rf.4b8dd2a5b63f2ed7f43eba94aaf3942b.jpg 138,325,308,360,0
image_1586_jpg.rf.4b204bcac68cbb17d7fbdd78c94f162f.jpg 46,150,359,221,0 98,309,369,361,0 106,61,248,119,0 182,226,311,297,0
image_490_jpg.rf.51cf031eab4820b390d09da0a3a42e8a.jpg 11,40,288,83,0 14,290,188,325,0 31,120,115,154,0
image_4129_jpg.rf.541aa850554ba93ed5d7baf66599d045.jpg 97,345,381,403,0 83,276,340,327,0
image_226_jpg.rf.556bdfbb976c0b47c29a66645168edca.jpg 8,12,293,81,0 67,313,247,354,0 15,182,347,249,0 68,89,212,129,0 244,85,337,134,0
image_865_jpg.rf.50f6fb34fd6bb0f3e8e9fbec83932070.jpg 195,18,349,59,0
image_2089_jpg.rf.58228254ca56bc86e84f33b0faca0961.jpg 110,144,213,178,0 181,226,335,304,0 77,20,284,61,0
image_1801_jpg.rf.57b23e29a285818fd31c5a1b3ec426f4.jpg 207,332,362,357,0
image_4740_jpg.rf.5555d71b4158235f970dbb7612fff620.jpg 274,160,369,189,0 12,110,189,181,0
image_3328_jpg.rf.54c9256c33c6252b6870573aaa4d687c.jpg 9,271,295,336,0
image_2499_jpg.rf.5c57c34d4a0cd697448b044b872dc799.jpg 92,11,184,38,0 100,126,346,201,0 145,290,218,325,0
image_3222_jpg.rf.545b1ffe15014618847f84f4ef79f817.jpg 38,124,127,153,0 84,298,282,360,0
image_997_jpg.rf.526632302999256662ea8d4feff5f6d9.jpg 38,26,403,89,0 26,369,193,410,0 18,208,108,235,0 67,305,344,361,0
image_612_jpg.rf.546db272348e4ed7172690df95f3ac66.jpg 226,168,352,228,0
image_3094_jpg.rf.58424949a956137674e54969fa6e483c.jpg 0,208,272,248,0 152,103,380,143,0 141,330,248,393,0
image_2185_jpg.rf.4df8dcbf4efc379a780076353ba9670e.jpg 33,143,149,203,0
image_2917_jpg.rf.55777a8259c42f5cece7c44402992e4a.jpg 22,325,239,360,0 33,118,161,151,0 74,41,200,82,0 166,152,354,188,0 227,13,305,51,0
image_2397_jpg.rf.57d921259f6af416478513f943290658.jpg 52,259,361,294,0 156,176,268,238,0 84,334,211,362,0 51,8,369,77,0
image_1127_jpg.rf.5f12318cdee4299bfea7b67630136c24.jpg 215,154,384,191,0 84,13,299,50,0 27,86,153,152,0
image_4061_jpg.rf.5d7f3f18c7e41332ca4706328f5f1ba0.jpg 16,331,217,385,0 130,30,275,70,0 87,173,235,206,0 242,91,375,150,0 261,264,350,320,0
image_133_jpg.rf.5ceb33339b655cbd33ddee6ffdd1325a.jpg 84,210,390,252,0 19,103,134,127,0 128,323,240,359,0 132,62,313,129,0 273,279,403,335,0
image_3174_jpg.rf.597e179dcfa84c2203a19aed4e24bb2d.jpg 42,80,326,110,0 113,320,375,361,0
image_2395_jpg.rf.59264680512aaa89f9ae32e287828419.jpg 158,17,334,45,0
image_2853_jpg.rf.5a8be058ebcf0e3b273ec847b1e34247.jpg 72,257,302,297,0 39,151,154,175,0 321,297,401,358,0 156,338,247,379,0
image_1575_jpg.rf.5fb9d724b33f12ac5777cc1bbdb04790.jpg 147,49,314,123,0 83,202,301,237,0 52,248,148,282,0 5,283,313,338,0
image_1455_jpg.rf.58c8835b55e5d7d39cdfadfd23fe4f2e.jpg 19,314,140,346,0 20,84,108,121,0 111,219,300,280,0 268,80,389,124,0 184,17,405,53,0
image_3336_jpg.rf.60a7aa6d4ecb8ec02188dd3bec2233d5.jpg 21,321,213,357,0 134,100,406,160,0 15,360,183,409,0
image_731_jpg.rf.5ec898d2c45b260c995d160ccd040369.jpg 181,265,338,301,0 13,5,293,47,0 70,132,137,163,0 32,258,114,294,0 111,320,345,400,0
image_1135_jpg.rf.5fdf611ed0952d7eeb4c8a8848c0506e.jpg 89,155,372,184,0 176,17,314,51,0 97,264,354,311,0 38,342,304,406,0 32,214,336,238,0
image_4616_jpg.rf.5f583f609fb2d5e7016ea9ec5a0142f8.jpg 77,68,298,109,0 117,335,301,415,0
image_4077_jpg.rf.6092068e210d39556e74ba0f004d6502.jpg 34,251,232,325,0 62,72,319,111,0 206,155,399,217,0 196,339,341,368,0 15,157,113,229,0
image_2603_jpg.rf.67662b8ff257eaa20ae438b6ccb8329e.jpg 221,123,351,142,0 116,233,259,265,0
image_1503_jpg.rf.603eb9d77a6dc0944eb696f6d15443be.jpg 31,134,303,170,0
image_4624_jpg.rf.611dff9920f3488aa7c7f0593bf68395.jpg 107,126,281,177,0 103,252,204,292,0 25,30,261,98,0
image_717_jpg.rf.604ec8d3de4c06256a85bd612622206c.jpg 56,100,379,139,0 49,184,255,224,0 115,256,302,296,0 142,343,387,364,0 51,44,305,75,0
image_42_jpg.rf.64dadc009b06b5504ae3963310a3b06b.jpg 81,65,232,118,0 27,334,335,387,0
image_3109_jpg.rf.6324b48411bc72d143a3ca6745084d20.jpg 34,337,204,374,0 81,130,358,200,0
image_4799_jpg.rf.6022f61b42d7b359063a76ed3cd1bb7b.jpg 122,189,276,229,0 30,312,226,350,0 61,59,239,95,0 0,101,341,163,0 39,234,244,275,0
image_1534_jpg.rf.6675f3162a362b8138103c8da9a5a043.jpg 188,88,292,142,0 166,14,337,48,0 116,161,357,221,0 153,325,327,357,0 72,235,318,278,0
image_3825_jpg.rf.645d3643bffe9e3b0f054f04e1a8f96c.jpg 58,274,255,310,0
image_225_jpg.rf.632907ed3d09e6af9c159ef9fe40424e.jpg 50,29,228,72,0 71,284,403,347,0
image_2394_jpg.rf.5cf80da0121b220fb0d05267013411ec.jpg 137,20,402,75,0 63,290,221,326,0 124,176,264,230,0 195,336,392,372,0
image_3907_jpg.rf.6cf605ea08646b207ac1c15d504a95b7.jpg 72,310,274,350,0
image_616_jpg.rf.6ac7b5654104920723610a725d4f0065.jpg 30,247,251,289,0
image_2509_jpg.rf.69d52be4189684314cba892f0c3f0a34.jpg 97,231,325,294,0 205,298,389,324,0 37,74,316,133,0 57,10,258,62,0
image_519_jpg.rf.6c258cbeffaacc3db49726cc9d3bc731.jpg 201,194,368,242,0 198,3,359,51,0
image_3034_jpg.rf.688034ebb716167d51875a079ce36afa.jpg 6,95,251,148,0 39,155,278,190,0 121,261,278,300,0 219,305,330,351,0 23,32,154,89,0
image_4824_jpg.rf.68cb25bc00b6bf4a546c21a597dc55d9.jpg 226,183,333,223,0 7,62,289,133,0 215,346,306,384,0 8,268,224,330,0 18,168,101,205,0
image_1910_jpg.rf.66faad62dd5db02c71b2cf5723406743.jpg 102,109,362,161,0 118,169,210,193,0 50,323,300,361,0 47,2,368,82,0
image_3619_jpg.rf.67d7d618bb2083ddd0d543a8ff58230d.jpg 15,149,305,220,0 117,269,196,324,0 107,362,380,409,0 110,40,274,114,0
image_3924_jpg.rf.6fd83768c6c1a7b95c05c4c6c627407b.jpg 192,268,317,311,0
image_440_jpg.rf.6dc2481895538bec36640e3ad4a8aa6b.jpg 129,30,333,85,0 37,203,355,254,0 121,277,229,325,0
image_3296_jpg.rf.5daf48d2f2f7f1d2a301e5e1a50ba14b.jpg 116,279,297,349,0 19,122,348,164,0
image_2998_jpg.rf.6da256edcddf123209d10b25da597f9e.jpg 12,202,220,270,0 51,341,221,378,0 37,34,209,61,0 262,120,387,144,0
image_2769_jpg.rf.6d45963b9f01b3560ec1ff3f6b0ab635.jpg 130,112,383,152,0 76,214,339,254,0 36,298,364,337,0 131,25,351,66,0
image_2606_jpg.rf.6ae7d3064b9f44b562373ffba5acfe6d.jpg 232,322,370,395,0 37,88,156,127,0 35,340,205,380,0
image_1853_jpg.rf.6e02d39faf9005d6260136985acd3c9f.jpg 92,321,202,363,0
image_4667_jpg.rf.6a9760346b55be0d08e36ece4b996724.jpg 15,180,354,253,0
image_573_jpg.rf.67ee7597b95529d73a397d7583b52713.jpg 47,199,328,278,0
image_417_jpg.rf.6dc0eb11adc2382725b9fcb9763ff1e8.jpg 23,146,369,208,0 181,251,381,315,0 74,28,147,68,0
image_4306_jpg.rf.6a708aa2f3fb6210ea01652c33641d8f.jpg 118,8,243,35,0 42,183,249,240,0 36,76,167,104,0 33,343,207,397,0 70,246,351,305,0
image_3839_jpg.rf.6e6b6483fbb56db004702e940f0c19e8.jpg 208,251,337,298,0 133,16,301,67,0 119,315,297,360,0
image_1243_jpg.rf.6ef74a37d44d897cddae8dfa0118d984.jpg 148,251,238,283,0 167,79,368,150,0 98,321,408,383,0 87,150,247,193,0 124,4,360,67,0
image_1191_jpg.rf.6fab5b91a65f32c57b8ab00e5cb9a30c.jpg 26,191,231,219,0 3,139,88,190,0 44,262,339,293,0 126,115,238,155,0 59,355,339,402,0
image_4249_jpg.rf.6eddc687705e61726129b18aba5e5029.jpg 79,24,276,64,0
image_3461_jpg.rf.72d972d93cc442468e7ac3118ea47a7c.jpg 72,178,317,250,0 38,341,239,397,0 111,77,250,112,0 248,311,358,371,0 8,8,152,40,0
image_999_jpg.rf.714e15df3ac21359310131dcf372908f.jpg 225,190,390,234,0 128,16,250,68,0
image_1982_jpg.rf.6f7930b1ab5e0be8daf39835e4aa355a.jpg 30,27,275,93,0 22,292,275,351,0 20,114,232,179,0
image_4580_jpg.rf.70d07acecfbb9acc0e4a775d5c0079c6.jpg 2,217,196,285,0 185,100,325,160,0 176,344,378,414,0
image_2025_jpg.rf.773574631f30415c864bdd4495064035.jpg 27,226,299,307,0 19,30,122,61,0 32,326,349,411,0
image_1531_jpg.rf.74c5e49d60607cea711df08a80012e6a.jpg 106,289,303,324,0 136,213,231,270,0 260,201,345,266,0 34,9,262,66,0
image_4527_jpg.rf.7880ccae2f05b57438b2d5d7a1498477.jpg 33,53,167,105,0 138,190,381,254,0 140,333,317,356,0
image_3708_jpg.rf.704457286ceefa5adb8e2b3827cf2057.jpg 0,268,260,304,0 92,121,267,160,0 114,187,236,262,0 168,10,315,91,0
image_947_jpg.rf.7525301e80ba5871bfc76a931eea5bd1.jpg 120,213,223,240,0 45,155,230,193,0
image_3984_jpg.rf.78eeb385d0aeca442b831c517f600760.jpg 197,287,342,324,0
image_121_jpg.rf.764d4cd7c85a1a619a8ce2f5543de2f4.jpg 26,280,128,320,0 44,38,113,93,0 34,147,151,188,0 212,215,307,270,0 218,75,315,144,0
image_517_jpg.rf.74ffa228d554da66dc39f98e848d509f.jpg 100,150,211,210,0 71,53,240,116,0 26,231,235,284,0 25,335,159,364,0
image_1213_jpg.rf.7ade72c428b2e58ea729f3ba727140d8.jpg 56,319,342,359,0 306,250,398,276,0
image_2479_jpg.rf.7001a0860fb843858f793c655ddbfcd4.jpg 133,295,320,356,0 107,146,224,184,0
image_1245_jpg.rf.77380d755f97571943356aefedd3e8c2.jpg 42,309,100,350,0 36,169,316,210,0 21,223,274,300,0 2,16,57,48,0
image_1015_jpg.rf.769691ccb85ccfd78e2d9e6eb35d1781.jpg 160,38,368,77,0 107,105,380,141,0 62,201,313,242,0
image_444_jpg.rf.733215ed5911d5a91b8c817364896902.jpg 205,160,383,191,0 59,66,359,100,0 308,271,402,344,0 75,356,316,390,0
image_353_jpg.rf.726eef9ea579e596f88f0d36e5a4209a.jpg 114,144,393,219,0 11,25,355,61,0
image_2770_jpg.rf.74a891ec03950aa6e50057157e6e8056.jpg 79,237,281,300,0 132,39,300,104,0 67,167,188,221,0 40,109,305,139,0 0,349,211,381,0
image_3453_jpg.rf.77b3f6a6895548024be24187264f911b.jpg 3,249,236,311,0 23,73,356,106,0
image_552_jpg.rf.78a91926d8cf9c7662c95f4f865587b2.jpg 101,1,206,31,0 65,332,295,372,0 54,235,301,269,0
image_4679_jpg.rf.77baca99205c3011245c537bce38d874.jpg 96,73,218,133,0 142,203,255,249,0 104,289,216,319,0 0,338,311,398,0
image_3008_jpg.rf.82673c69a7b35a938c22d2551ee21fc2.jpg 26,225,239,295,0 273,266,359,301,0 231,42,383,78,0
image_492_jpg.rf.821c88f9847ed672523772684e8c7dfb.jpg 239,20,344,51,0
image_1278_jpg.rf.7c4c675feda73702f28edc36624d8021.jpg 2,281,299,316,0 71,108,243,163,0 18,19,262,76,0 9,195,158,232,0 265,87,397,141,0
image_4567_jpg.rf.7b7d274cff9344973ccb2d5b37afdc23.jpg 168,176,246,212,0
image_4700_jpg.rf.832e468f8ba8dd3d578200b58587dd71.jpg 8,142,167,180,0 66,56,348,102,0 117,259,337,336,0 216,172,353,210,0
image_1261_jpg.rf.550347c8fb5faea234b7d270cea9850c.jpg 145,335,287,364,0
image_4196_jpg.rf.77aaca841780fda13f0bc423a9179bce.jpg 80,120,279,156,0 9,296,135,350,0
image_80_jpg.rf.7cd66aa8dd9f6883715dff7542ea7f3b.jpg 21,25,166,81,0
image_4379_jpg.rf.7ac3d17398c06ea65850361456b44ee4.jpg 136,200,328,253,0 98,62,311,123,0 230,314,351,374,0
image_4142_jpg.rf.82db4029a06ff50658263e6e123399ed.jpg 120,312,183,339,0 8,94,285,130,0 8,244,140,275,0 302,69,411,104,0
image_882_jpg.rf.83d2ac25685fee524374b417bf33a981.jpg 93,65,363,146,0
image_3268_jpg.rf.848f60b0d770da3f4546423013924ab0.jpg 34,109,153,137,0
image_2550_jpg.rf.790ed464999580195833298b24861a11.jpg 162,63,396,118,0 73,252,172,314,0 191,221,289,283,0 219,320,358,404,0 13,100,123,138,0
image_3101_jpg.rf.7d4cfc7dec8a75c3f28e527ae352ba14.jpg 29,345,351,395,0 41,147,137,193,0 30,201,369,256,0 13,1,333,57,0 84,273,341,335,0
image_415_jpg.rf.83fb001a448ede383519de4b8db76999.jpg 60,3,343,45,0 278,267,387,295,0 115,79,274,116,0
image_3869_jpg.rf.7c734c985069d953e8079ac7c2626c37.jpg 49,257,290,316,0 213,102,404,167,0 18,164,160,189,0 102,324,277,381,0 33,203,156,231,0
image_2302_jpg.rf.8388fe587d057f60a0086a367b2dcc49.jpg 17,247,187,306,0 162,79,350,105,0 63,127,267,184,0
image_3141_jpg.rf.8350c583ca3d62439240e8336cefbbed.jpg 60,212,240,252,0 47,287,182,352,0 77,91,198,130,0 39,131,201,173,0 220,256,311,293,0
image_2794_jpg.rf.87c274b48f80cca698f6a25fe8141d02.jpg 66,286,332,335,0 51,159,372,183,0 47,83,414,133,0 153,345,370,390,0
image_3126_jpg.rf.81a08a1a94ec2a9aabbb1517707e5205.jpg 30,43,220,73,0
image_479_jpg.rf.85cc2718ed97c1e713c7a640ddd5beb8.jpg 80,275,225,332,0 151,130,364,167,0 51,33,355,91,0 166,202,357,265,0 240,349,393,401,0
image_728_jpg.rf.7ba2ae71c0d5e154abcc144d2ba54c58.jpg 39,236,322,275,0
image_1177_jpg.rf.8ade22e369561d8afcbc3e46f8560476.jpg 23,226,222,300,0 18,130,258,183,0 192,345,289,377,0
image_939_jpg.rf.8e56dc00e388b216fcb46cf9a1cf35d6.jpg 17,232,333,288,0
image_4856_jpg.rf.878dbb8df43b639f8d03bdfde2eaf416.jpg 20,130,347,197,0
image_4248_jpg.rf.84bee29c3288e7558d7a4e912a6db278.jpg 189,110,233,147,0 23,24,279,81,0 247,152,311,187,0 162,327,254,396,0
image_3705_jpg.rf.8e44e385f1d6b83066bcad35115d6744.jpg 9,93,279,127,0 15,300,265,336,0 242,151,376,213,0 28,7,233,47,0
image_1835_jpg.rf.8bfc9d92ab96b06efb9ceb54ef3c6018.jpg 262,207,334,237,0
image_1859_jpg.rf.83911c8a9d08a747a8c151107d2ab998.jpg 42,56,294,115,0
image_1100_jpg.rf.8a00f7ca1fb9c78aa3d1f041da5f50ec.jpg 115,35,347,77,0 84,281,353,326,0 153,149,322,193,0 27,198,195,265,0
image_3346_jpg.rf.885de0c3ddf38fcb6d5e676ebf1e4473.jpg 66,198,405,252,0 81,136,189,172,0 188,306,370,342,0 222,74,358,135,0
image_3800_jpg.rf.8ca525ac58516bb3e7b90d3c4a266eff.jpg 63,269,324,337,0 67,85,176,124,0
image_1259_jpg.rf.87ee721182b334ae0f93cfd26d092533.jpg 181,16,284,52,0 306,229,390,301,0 127,121,236,199,0
image_2019_jpg.rf.8ee669d970b1abf3fd4d36041834f90a.jpg 150,191,405,262,0
image_4296_jpg.rf.881456aa96b80e6bce40a1d039731ff3.jpg 35,115,205,146,0 135,294,370,331,0 204,59,261,90,0
image_3575_jpg.rf.8900f93c158b14d62eb9a071cedc7b70.jpg 56,171,213,198,0 207,336,295,367,0 98,274,409,309,0 220,127,330,187,0
image_4730_jpg.rf.8d9650434b4fbc3c0e48e9fb6e83e97c.jpg 36,31,369,62,0
image_1003_jpg.rf.88e3ede1808065ec1e06302336acda3f.jpg 46,4,333,64,0
image_4668_jpg.rf.908bc52daec22e032453a567ef840d10.jpg 13,185,212,236,0 10,87,272,130,0 113,300,286,353,0 14,9,126,79,0
image_3801_jpg.rf.8f5136feb8c4953eb2ac162b3caea291.jpg 26,292,286,369,0 54,159,373,185,0 306,227,398,267,0
image_2162_jpg.rf.8ee4c016e71e49b2d9d67b64298c8eea.jpg 232,119,393,188,0 10,282,287,341,0 123,219,259,246,0 117,33,375,95,0 57,353,406,391,0
image_1709_jpg.rf.8dbb0a079d727915f4b6e51237ed55e6.jpg 137,96,243,153,0 38,292,249,328,0 8,345,103,384,0 18,203,335,241,0 267,112,354,148,0
image_703_jpg.rf.937039c21b4028f9be3dc28779b6eeb6.jpg 183,96,346,132,0 68,219,218,250,0 228,243,351,271,0 21,16,322,56,0
image_35_jpg.rf.923d9c5de40d21bdbdd65fa20ba8881a.jpg 181,61,374,122,0 75,204,224,261,0 8,8,157,80,0
image_3737_jpg.rf.89cf3540f8a04fd4bd63f66c8e776cca.jpg 56,356,313,393,0 167,65,411,110,0
image_2714_jpg.rf.8f3bb79e498cc8a171b1ed469cb010c2.jpg 55,187,353,254,0 96,9,235,46,0 134,262,364,293,0 144,323,270,352,0
image_2480_jpg.rf.8e902cb5677a5af722f27c0bff42cea9.jpg 99,221,334,256,0 82,134,239,170,0 166,71,266,111,0
image_4501_jpg.rf.961a34ab0950f4a62d8e52379ba280d4.jpg 53,147,210,215,0
image_116_jpg.rf.8f89760b18d19bc96075bccda854b7fd.jpg 129,18,402,75,0 8,159,353,186,0 114,330,399,385,0
image_78_jpg.rf.8f75e53267fe8720cee1ac9ed193ce13.jpg 247,278,341,307,0 190,111,374,165,0
image_701_jpg.rf.978ccd3121b0c60b6af4d50458c44177.jpg 180,82,339,145,0 27,168,381,189,0 51,271,209,334,0
image_1417_jpg.rf.966428442e972635595fe03f8bff2854.jpg 121,138,293,202,0 0,309,260,348,0
image_3595_jpg.rf.9af23573fdfe9d0756348eebc835cc6a.jpg 55,332,329,369,0 236,165,384,225,0 51,4,190,42,0
image_568_jpg.rf.92e3677b7fb1f1e943f2b4fd015994e8.jpg 126,42,249,74,0 57,195,295,257,0 145,338,324,371,0 115,115,208,143,0
image_1925_jpg.rf.931b978e004a91339055fa7cd1b417b6.jpg 230,142,390,183,0 157,248,324,277,0 196,64,289,93,0 4,341,133,372,0 148,311,286,366,0
image_3440_jpg.rf.9accedd72a598c505263d653da8b18bb.jpg 20,158,268,193,0 58,342,369,391,0
image_4283_jpg.rf.9be352e4dad4bf97c3e7dfd31f3abe01.jpg 17,60,253,109,0 155,327,353,381,0 86,241,219,289,0
image_466_jpg.rf.98c68936845b6aaa689abde5d8854fde.jpg 0,227,93,265,0 32,50,216,91,0 85,345,334,384,0 160,240,357,301,0
image_3850_jpg.rf.97954d739efdcb659e54cc4a1d0cb83e.jpg 56,182,224,202,0
image_1296_jpg.rf.9c5d51680b2932eb0e4df3fb8d6419b4.jpg 111,200,266,262,0 95,9,396,41,0 4,100,193,142,0
image_3743_jpg.rf.940e355c10ae8e751083ca4a27d75284.jpg 10,230,171,277,0 135,52,357,100,0 180,180,399,204,0 22,137,149,167,0
image_4151_jpg.rf.9b3dec4bffcac603c57fc2b1c298f03c.jpg 197,93,320,152,0 29,205,291,274,0
image_247_jpg.rf.9d83169d4bd31b4e9f8226e5d46c2f81.jpg 43,113,358,175,0 136,29,362,58,0 116,254,213,300,0 83,313,181,350,0
image_82_jpg.rf.9e1646340c9b965fdd2f4ba3f4a3bf30.jpg 112,174,357,232,0 0,59,312,108,0
image_416_jpg.rf.942823f0085f8b3a8961dfeb44d7d672.jpg 9,190,256,219,0
image_1399_jpg.rf.98a289a1fa1f02bd627e311f71c5f5ca.jpg 11,61,322,99,0 38,158,201,195,0 3,239,303,290,0 47,329,191,379,0 10,10,171,44,0
image_1760_jpg.rf.9b05cc3de92080611056d2ece4eb9faf.jpg 63,135,195,211,0 87,268,179,330,0 176,43,390,115,0
image_3758_jpg.rf.9dc486029896b7af8d926f6a4821c6e2.jpg 98,178,253,214,0 44,255,351,297,0 25,48,107,90,0 193,67,349,131,0
image_4642_jpg.rf.a06010cb502b885423c7a42070342dd2.jpg 306,217,383,245,0 146,269,265,299,0 14,17,232,74,0
image_4834_jpg.rf.9a503a15b5bdf7f7f9f23322c2ce6d65.jpg 256,344,344,380,0 30,234,361,274,0 37,20,273,52,0 76,98,130,129,0
image_683_jpg.rf.953ecece24dcf84f852cbdc44a391f2e.jpg 80,165,341,202,0 30,242,344,309,0 88,355,268,392,0 98,79,390,115,0 51,22,273,64,0
image_1199_jpg.rf.9cfb460659ca66151c1c72f0167a0d77.jpg 163,109,314,175,0 82,304,325,346,0 297,7,361,42,0
image_2048_jpg.rf.9d0871d40998d8d6b66eb18c78bdc3ba.jpg 299,55,395,106,0 275,263,364,304,0
image_805_jpg.rf.980111659a24eedd1a55047320a23716.jpg 170,164,268,197,0 0,108,212,142,0 111,298,391,366,0
image_2310_jpg.rf.a2dcd654a9c8a894952d49f63a9b8b03.jpg 108,331,283,407,0 137,245,207,278,0 8,76,188,141,0 226,28,321,78,0 312,175,409,206,0
image_1286_jpg.rf.9e852825248309e04260e25eaf20039b.jpg 22,201,277,247,0 99,44,387,70,0 9,302,310,344,0 156,106,327,154,0 41,367,159,393,0
image_841_jpg.rf.9acf77f2457195f3fccfb9011ea2141a.jpg 38,293,303,319,0 26,355,149,400,0 239,44,386,97,0
image_2455_jpg.rf.9e1558e99b9b8e185bd96f2f80b3a851.jpg 176,281,333,334,0 119,204,199,235,0
image_632_jpg.rf.9e3dd7f8a283dcb6ebfcb797b06ab6c7.jpg 264,308,366,345,0 55,206,274,245,0 85,43,202,80,0 57,261,269,298,0 128,121,213,179,0
image_704_jpg.rf.a99ec9d5448288834199d6d6ebabd960.jpg 48,43,297,70,0 79,298,209,324,0 27,226,203,282,0 165,359,318,399,0
image_4359_jpg.rf.a39bfebd8c3ba5a457acc1c9b1c5f671.jpg 40,336,171,364,0 126,54,256,93,0
image_2607_jpg.rf.af33b477f0822cd6826ae1cf60805f8e.jpg 62,323,303,381,0 26,69,173,149,0 55,213,260,279,0 187,9,318,49,0
image_4719_jpg.rf.a37ddbfa6428e6aed0e14beed7f1ba4c.jpg 135,133,373,169,0 329,29,409,66,0
image_4996_jpg.rf.a8a2a8c5d0a265353d593735a289876b.jpg 88,311,373,382,0 204,28,405,67,0 49,186,370,225,0 225,79,341,147,0 71,247,216,286,0
image_3569_jpg.rf.a0da3038c40019e8e7a257cc77c9ea32.jpg 127,319,334,383,0 229,186,403,217,0
image_4451_jpg.rf.ae7cfc64436cc8ac6219e1e780137637.jpg 14,163,334,229,0 1,81,213,123,0
image_1480_jpg.rf.a63d5d7a091f99ab0beb712652f2bcca.jpg 45,276,299,330,0 225,49,314,84,0 71,200,239,244,0
image_1904_jpg.rf.ac94077ebbe9a6574dd16af321e78ddd.jpg 47,55,413,120,0 32,324,120,376,0
image_161_jpg.rf.aaa574a28fd9a640a0aadcb777db6bb4.jpg 51,306,315,366,0 172,160,320,179,0 146,80,393,131,0 50,10,370,48,0 11,191,331,222,0
image_2202_jpg.rf.b0006a0e5e26d94d5af3050c629d05ab.jpg 91,219,154,278,0
image_692_jpg.rf.a15a1094d50be5a92d0726d50868d814.jpg 4,126,99,186,0
image_1830_jpg.rf.af53b286f2904e2eeea11e7e03770ae8.jpg 112,170,257,198,0 84,247,206,278,0 217,9,320,46,0
image_3067_jpg.rf.b0264276a992c2f7891769a7cb841e7b.jpg 21,71,217,112,0 269,37,397,77,0 12,125,171,197,0
image_1614_jpg.rf.b43e4097bc92b7012ebee68d7801c86a.jpg 24,77,119,132,0 219,48,298,77,0
image_1443_jpg.rf.b111ecbe4efed2db80c9be5443a71935.jpg 121,34,294,70,0
image_196_jpg.rf.b4ca51e3d5b365fce1c58857976ce379.jpg 50,259,100,311,0 120,170,262,196,0
image_4923_jpg.rf.b738cce89bafb122f6989484ee3d085c.jpg 86,51,174,118,0 181,334,255,365,0 57,233,240,264,0 34,166,201,218,0 229,170,311,227,0
image_886_jpg.rf.af97f460d70a39ec6776402be0568d8a.jpg 0,244,185,303,0 113,18,228,81,0 230,130,382,160,0 40,320,204,344,0 101,362,282,415,0
image_472_jpg.rf.b4440e0a7a955e930b25108ddfea3c11.jpg 82,34,152,65,0
image_4851_jpg.rf.ad3b7addb23755deb10e9a7ad1ffdabf.jpg 5,134,274,201,0 118,344,299,382,0 234,58,405,118,0 88,259,227,326,0
image_4122_jpg.rf.a18cd4f92c7827a47f94ca0eecc15c87.jpg 11,320,274,393,0
image_2700_jpg.rf.afa606b08bfca44313301a37eea6e5c9.jpg 72,75,412,138,0 33,10,123,31,0 71,233,235,279,0 32,331,230,398,0 303,214,385,245,0
image_2409_jpg.rf.b38c088f28ee51b4d19ccd5ea3854502.jpg 1,165,258,201,0 71,23,195,65,0
image_2505_jpg.rf.b4d7fdb9b296d633e8922733a2305931.jpg 66,52,265,90,0 59,302,381,372,0
image_194_jpg.rf.b45273254657a9cabbc5d662f00cd77d.jpg 78,260,249,293,0 3,34,172,70,0 176,331,248,363,0
image_3455_jpg.rf.b2097e88bd04b3b0f6abe8e0903d57b0.jpg 30,91,203,161,0 58,255,146,283,0 75,291,179,317,0 130,332,237,379,0
image_3733_jpg.rf.b9f1e6f8e92396a3bf7ae6c53b3c0137.jpg 131,110,230,173,0 132,346,373,409,0 37,18,291,88,0 79,245,349,288,0
image_2351_jpg.rf.ba2a48108240618e2d2a0623b0c248c5.jpg 123,323,302,359,0 153,191,241,227,0 0,45,150,84,0 90,129,275,170,0
image_3583_jpg.rf.b94cf8f44964160eda7e746b7121ce12.jpg 30,147,281,181,0 241,216,294,245,0 94,33,273,60,0
image_1141_jpg.rf.bac43d2339153a06b124006af503cf0b.jpg 211,15,354,76,0 15,322,88,347,0
image_4695_jpg.rf.b9abaf1d6a3d3859cb15a70fa5f22428.jpg 33,33,242,83,0 83,154,341,235,0
image_1451_jpg.rf.afde125fda5c22b68a3c0055bf989c2b.jpg 97,325,362,390,0 97,45,276,82,0
image_2781_jpg.rf.b530cb8191869e118b340c29f7bc6a23.jpg 54,304,215,365,0 188,229,404,294,0 1,105,151,140,0 90,167,323,221,0
image_3787_jpg.rf.bc4b2b92eb9582fdc613799026307066.jpg 8,279,316,356,0 158,152,240,192,0
image_927_jpg.rf.b963174aadae72d6721a72edcb84d0cd.jpg 18,84,152,117,0 306,115,381,147,0
image_3150_jpg.rf.bbd652798943945a9ac66a37fbb94465.jpg 81,309,317,348,0 55,179,255,213,0 62,10,286,79,0 47,350,317,391,0 65,227,234,302,0
image_4102_jpg.rf.bf14b0358fa97a366aad166c445f9d31.jpg 58,0,375,29,0 100,102,346,166,0
image_1134_jpg.rf.bfcbcdabebde3bc364bf2cf4ee25d5ee.jpg 59,245,390,304,0 148,93,350,135,0
image_1352_jpg.rf.b969cb58815de2b8006644025881f9c8.jpg 23,323,347,390,0 115,216,364,255,0 68,137,389,192,0
image_3690_jpg.rf.bd64849c4f146ada0631a0e7ff04e87c.jpg 51,289,384,320,0 89,162,310,211,0 148,42,350,118,0
image_3724_jpg.rf.bfb6f05958f411eb2b7878b96b75ba4f.jpg 96,361,194,394,0 136,227,265,268,0 262,288,397,328,0
image_1312_jpg.rf.bbcfa1c729eb0586105e0b1e82ece8bc.jpg 171,291,354,360,0 199,50,332,115,0
image_4541_jpg.rf.c80f7f3f5f91a4dfaf720f79ce3fa57f.jpg 151,220,257,256,0 111,344,345,384,0
image_301_jpg.rf.c27c1fcf18f2009beea3e28eea520526.jpg 97,227,385,283,0 89,46,342,101,0 195,320,353,343,0
image_3193_jpg.rf.bda45776194a0028cb817cc8afa31f9c.jpg 87,59,264,99,0
image_2546_jpg.rf.c47a99d389f88932d49ddd36ecdffaf3.jpg 174,48,270,80,0 103,344,217,414,0 215,174,308,242,0 24,258,211,318,0 313,162,398,189,0
image_3715_jpg.rf.c07cad4c7cb9b9aa7dc7603814d6fc16.jpg 279,304,382,368,0 0,87,164,110,0 92,334,253,358,0
image_3002_jpg.rf.c54942afa257d1cec6d99cf2eb24ad1a.jpg 143,181,272,247,0 24,287,171,320,0 92,330,237,396,0
image_447_jpg.rf.ba3130c81086fcd6b99d245ca5ecb68a.jpg 61,181,265,219,0
image_263_jpg.rf.c54c8bae5e1e12c50573573b09dfccc8.jpg 242,18,382,46,0 84,211,343,268,0 68,74,200,114,0 30,114,93,155,0
image_910_jpg.rf.c88f179b215878556bf1be4a3b8e0b1b.jpg 14,315,383,355,0 105,177,263,215,0 37,99,207,162,0 60,227,387,267,0
image_1829_jpg.rf.bcea10262f728cf4c20217cf492504e5.jpg 120,175,178,194,0 216,255,369,296,0 11,44,201,67,0 76,311,260,347,0 207,211,346,239,0
image_1815_jpg.rf.c4eca6fef62e9a06503a6ac40f420cda.jpg 224,49,352,109,0 121,293,231,316,0
image_190_jpg.rf.c1973ec6d5b94b18038cfb9fb082850b.jpg 16,27,113,90,0 133,67,325,126,0 33,277,149,333,0 167,224,328,261,0
image_2665_jpg.rf.c23626e490c84c5274249943b9ad7ea7.jpg 43,121,233,180,0 137,191,405,231,0 81,289,308,319,0 154,11,244,47,0
image_1405_jpg.rf.c216c10d167891f6a2566c0d296b8a8c.jpg 114,278,331,316,0 15,42,141,70,0 146,114,408,177,0 17,329,171,391,0
image_3872_jpg.rf.cda8aa2d905902c4f74e11512bc343b8.jpg 226,177,367,218,0 146,278,336,316,0 72,33,210,91,0
image_1272_jpg.rf.cbce75c0ab987f0b84fe99bdc7fa4b7f.jpg 16,235,353,297,0 45,48,385,120,0 99,305,286,344,0
image_1638_jpg.rf.c0d9a45de02df2323caf113c29bc548b.jpg 21,85,259,125,0 8,244,217,304,0 15,145,178,203,0 165,17,376,81,0 181,310,286,345,0
image_2750_jpg.rf.c6996e27ef000f6e6021f3bebb0a2a95.jpg 79,34,169,77,0
image_3301_jpg.rf.caa877081ba262045323a016f4f10ae8.jpg 82,311,286,352,0 81,61,283,138,0 126,145,269,203,0
image_4852_jpg.rf.c152054ec4a9d31443c25b1dbe1c152a.jpg 213,143,363,200,0 66,296,400,334,0 124,28,329,98,0 205,345,284,369,0
image_2977_jpg.rf.d118c1514d924c940c8561e66b33449e.jpg 145,313,289,350,0 183,69,355,120,0
image_1084_jpg.rf.c7fcd9affdd097ed623a8e25bcb40d86.jpg 139,166,335,204,0 106,50,166,78,0
image_1011_jpg.rf.d0441dc610aead79a61d5c9e7de0704c.jpg 150,177,233,219,0 282,173,407,211,0 137,277,324,317,0 5,353,99,389,0 13,77,143,108,0
image_3974_jpg.rf.cdf33c31e89e2194ae78af43a5ca0c55.jpg 91,220,334,278,0 264,328,403,362,0 101,35,224,89,0 48,352,250,388,0
image_2740_jpg.rf.cd36393e03f2b299447905ee0c8683e5.jpg 213,84,303,119,0 40,311,190,352,0 111,0,359,41,0 15,157,112,188,0 85,97,155,142,0
image_1758_jpg.rf.d2a500fb5004ffcc7db017aeb9bad9c9.jpg 0,272,263,345,0 20,199,161,261,0 71,93,392,166,0 177,0,394,39,0 37,352,298,387,0
image_1788_jpg.rf.cfaa2c6f42e2782b09b872c1e3a9b163.jpg 87,200,339,236,0 198,249,327,304,0 98,26,138,43,0
image_3813_jpg.rf.cb440f8c849257440bc85f14b70b64c1.jpg 53,136,326,174,0 114,55,347,122,0 150,228,352,263,0 202,298,323,331,0
image_880_jpg.rf.cb559bd13d4660f8ab43870424849f5d.jpg 239,124,336,154,0 6,19,257,67,0 76,372,305,400,0 42,258,177,292,0
image_2629_jpg.rf.c8aefa18e36d798d0425143827b49e2f.jpg 83,178,360,217,0 7,225,108,264,0 257,106,368,131,0
image_1074_jpg.rf.c8eed69ceb22d6cd2bf7af2720e3cec6.jpg 263,45,397,86,0 116,28,228,80,0 117,319,204,380,0 44,189,321,269,0 9,111,260,178,0
image_2946_jpg.rf.d0c1ffa654ea8f40910edcc7a22299c7.jpg 63,54,313,97,0 25,228,268,275,0 1,125,220,191,0 0,316,144,358,0
image_842_jpg.rf.d12ccf59e5de8269aa5a610d0ea27f18.jpg 27,298,115,337,0 124,13,289,54,0 235,117,326,153,0 133,281,186,315,0
image_3372_jpg.rf.d2e189456f8785710d0c1804c463d2b5.jpg 139,290,300,321,0 74,330,395,360,0 205,103,333,173,0 146,213,365,285,0
image_610_jpg.rf.d0c9a52215fe4ebc1d36f2db6357f0e3.jpg 240,31,336,60,0
image_2227_jpg.rf.d263719051bbd3868cc4d9a2582bb491.jpg 68,50,292,103,0 109,165,325,230,0
image_4353_jpg.rf.d21593e3010059a45cd840721d16213b.jpg 69,135,129,158,0 249,125,363,183,0 1,262,283,297,0 9,330,205,370,0
image_1161_jpg.rf.d400ccd7ce0d30e59698bb45e7e7b5d7.jpg 72,105,275,134,0 14,215,190,249,0 234,340,395,371,0 101,249,281,288,0
image_512_jpg.rf.d622d61539683e040c2097287920fbae.jpg 202,343,379,407,0 224,197,374,222,0 46,17,131,40,0 20,60,290,132,0 80,235,294,296,0
image_3582_jpg.rf.d3cdcb2cdc6dcc27cd22800e789709d4.jpg 31,194,127,234,0 180,301,339,365,0 65,0,211,34,0
image_2124_jpg.rf.d42aa5dcf2f88610ce8fe2db8f533eef.jpg 56,304,289,371,0 152,110,352,172,0
image_1468_jpg.rf.d4bc563540f81b2febdad08193720d11.jpg 143,92,320,156,0 174,283,307,322,0
image_3472_jpg.rf.dd95d17cc2cf6b93f0d32575fa862b4c.jpg 139,303,298,363,0 170,152,294,201,0 40,56,358,86,0 146,5,289,33,0 190,226,373,246,0
image_1737_jpg.rf.dbf578774fd5fbacbcfe2bab72c7ac02.jpg 92,315,312,345,0 182,20,350,77,0 0,226,273,266,0
image_3205_jpg.rf.dab55c272aaf4ae42a72b794d8a17465.jpg 233,307,369,352,0 81,4,219,53,0 1,63,284,114,0 161,354,375,380,0
image_3474_jpg.rf.d4c344163da302fb1d00bc25317a10b1.jpg 51,266,221,302,0 50,11,148,45,0 166,130,274,164,0 268,198,351,259,0 165,8,317,49,0
image_1083_jpg.rf.d310f949200b15bdde1f2217011764fe.jpg 134,59,236,94,0 55,266,134,301,0 44,342,248,413,0
image_2671_jpg.rf.d461bf30f00414420d181faf6860e53c.jpg 242,304,373,331,0 45,187,390,246,0 182,256,348,283,0
image_2939_jpg.rf.d2fb0b7aa3e978e6e36efc356d5b0e85.jpg 120,35,330,111,0 19,241,146,296,0 8,302,317,378,0 110,153,213,178,0
image_2762_jpg.rf.e19aecdbd05ad78a410f352cf3763f4d.jpg 83,126,187,207,0 54,232,172,272,0 50,26,269,50,0 269,41,360,77,0
image_3946_jpg.rf.dadb47189c23bf0cdc832eb250d76ed1.jpg 22,349,162,386,0
image_1697_jpg.rf.dae11f2d973de3f9ea2f0c6d39bfaeb9.jpg 47,228,355,298,0 121,102,290,132,0 90,27,215,51,0
image_1959_jpg.rf.dcd302c5e01fbeef877108e6e8d446a3.jpg 58,134,311,188,0 267,254,402,294,0 19,54,124,90,0
image_1487_jpg.rf.d5fb4a60599a97337e51f4b7f3cb6bd4.jpg 186,123,382,179,0 264,289,366,320,0
image_4678_jpg.rf.de44852f9bbe7da46dbfde1cb4627974.jpg 59,290,309,333,0
image_128_jpg.rf.de4bc28dc6ca4901b157eb937ade949d.jpg 14,261,221,302,0 50,141,309,182,0
image_1338_jpg.rf.e11f1eb5b853b12d8c54568f65329551.jpg 161,81,335,116,0 58,333,131,367,0 69,236,226,292,0 14,140,225,182,0
image_3245_jpg.rf.de1fd60e2f18e62938c4d6e787c081d6.jpg 280,225,353,257,0 4,279,332,318,0
image_3762_jpg.rf.da0582363dd0a90709127a83d82b6eb7.jpg 49,223,190,266,0 138,19,313,83,0
image_1242_jpg.rf.e1c8dc8a3e7b474cdd51b47a3ff47883.jpg 77,266,359,343,0 166,79,290,150,0 184,164,311,209,0 81,358,376,398,0 98,17,169,52,0
image_4967_jpg.rf.d836060b643023ab44ec10861d7a3c84.jpg 36,321,210,351,0 9,181,114,220,0 220,117,392,153,0 159,189,273,218,0 0,19,182,57,0
image_461_jpg.rf.de4bcd70b8b5d0a57f841e4b3e60e473.jpg 13,153,318,230,0 22,333,107,370,0 266,335,387,368,0
image_33_jpg.rf.e34644e222ec77e67f3a30c50dc1f62e.jpg 155,141,263,171,0 89,285,338,354,0 184,215,285,244,0 187,35,379,104,0 5,58,166,90,0
image_4564_jpg.rf.ddf7fb56559c94aba1fa0daa221dda14.jpg 212,304,325,343,0 12,87,273,150,0 17,226,306,277,0 96,18,197,81,0 9,306,170,358,0
image_3038_jpg.rf.e49552a976e1b9e2a216961e51499c3e.jpg 27,17,195,88,0 195,331,321,370,0
image_633_jpg.rf.dd037d322b3386764a35dadf7d5504ce.jpg 60,92,332,157,0 53,312,338,348,0
image_564_jpg.rf.e353c75c1a45cb763074f12de2f4a3c7.jpg 65,251,235,282,0
image_1972_jpg.rf.e1c21f2e3764e4d82359a5d79786974a.jpg 66,294,266,360,0 99,189,353,226,0 28,89,289,130,0 9,7,361,47,0
image_3543_jpg.rf.e271c703c46cc8d9fd8446f81a8aad50.jpg 2,83,307,113,0 3,217,293,299,0
image_1252_jpg.rf.e41080240c27498e3e439aaa4495517a.jpg 25,121,373,178,0 82,212,161,273,0 58,361,153,390,0 199,323,381,395,0 17,13,354,50,0
image_1505_jpg.rf.e2f5294ad6e7a60185169bef066a44f1.jpg 83,170,209,192,0 89,224,207,254,0 119,39,245,65,0 82,84,246,125,0 158,339,378,380,0
image_4211_jpg.rf.e6500e171630ed1c0b44a401d0c439b0.jpg 122,114,249,156,0
image_3579_jpg.rf.e3df69ba55c2855fd7a96171046ed95d.jpg 33,203,350,262,0 78,285,221,326,0 129,125,322,157,0 244,13,376,68,0
image_4505_jpg.rf.e3fd16aff3f9f3eaef0bf45f724711de.jpg 61,320,249,389,0 87,14,261,51,0 2,257,113,288,0
image_2997_jpg.rf.ed6f68aaaa6fe0d9d3d2428eaa3e5ffd.jpg 2,212,157,273,0 88,306,272,344,0 26,132,221,200,0
image_2142_jpg.rf.e2dee5423610024fcfb11cd6b03b2831.jpg 179,64,379,129,0 100,221,369,287,0 90,331,371,403,0
image_4299_jpg.rf.e52ba724f20c3aaa69f0e98e9256a231.jpg 69,35,249,92,0 36,222,255,255,0 191,340,299,376,0 65,161,315,192,0 32,265,365,310,0
image_4876_jpg.rf.e8401811446753b6ddb1f48922c0fefc.jpg 158,134,333,197,0 28,215,165,259,0
image_4473_jpg.rf.e2108ae3df2f2a4cb2003fadf788175f.jpg 244,96,388,177,0 4,210,140,245,0 20,268,266,334,0 110,0,305,37,0
image_4553_jpg.rf.e75658eb71d91afb3db2106034c91816.jpg 78,126,347,174,0 170,12,300,36,0 38,208,230,281,0
image_2547_jpg.rf.e1e200d4beb44cba1ec3b81fa5b238c0.jpg 38,169,388,209,0 146,306,236,366,0 119,94,330,135,0 6,244,327,293,0 221,23,397,71,0
image_324_jpg.rf.e5455da93b79e5850ec1c28ae784d5a8.jpg 148,137,273,173,0 197,46,295,75,0 23,206,153,243,0 20,309,164,346,0 106,16,186,42,0
image_3780_jpg.rf.edabfd06c65d5a60de927f0b32ef9753.jpg 78,25,181,67,0 168,83,389,141,0 7,243,223,273,0
image_1076_jpg.rf.e0bd33716d65bb48b908cca809b6d1e0.jpg 119,117,286,169,0 183,252,279,311,0 42,370,124,415,0
image_518_jpg.rf.ea53140c3a90598696c36df75216bade.jpg 259,36,375,109,0 36,313,217,353,0
image_1461_jpg.rf.eed8e14f00c7892b402250f0a3a14e47.jpg 25,69,114,105,0
image_464_jpg.rf.e4c672daaf5456ab9cd86c18c37726d9.jpg 123,49,213,124,0 150,242,327,284,0 133,301,287,336,0
image_496_jpg.rf.f0692d1332498b0ed4e0c20c1b4fdcfa.jpg 122,30,402,70,0 33,170,280,207,0 242,95,346,127,0
image_3250_jpg.rf.e74d5771ed65f3ae09f93496805e30f4.jpg 44,315,373,356,0 62,71,307,104,0 32,140,225,171,0 43,240,118,279,0
image_2343_jpg.rf.eb1b7ec3505c85d76fc6239467abb502.jpg 194,47,361,80,0 196,287,322,323,0 48,103,393,144,0 169,167,401,227,0
image_2069_jpg.rf.ee25ddb02e61091d9d3b4d144164e5a4.jpg 288,74,353,105,0 131,127,214,160,0 184,278,307,307,0
image_2422_jpg.rf.e2c11f1392c14eead6739155c1c8adb9.jpg 33,263,179,287,0 264,65,382,106,0
image_3632_jpg.rf.edecbfd128b94a6b10e2d06e53ca1853.jpg 79,151,142,190,0
image_3878_jpg.rf.f248a726b1e78869a7ac88077e4929e0.jpg 39,254,143,292,0 124,171,374,207,0 5,76,82,106,0 0,334,177,369,0
image_1894_jpg.rf.f0572eb2d949ac0c68332e46d8aa7bc2.jpg 206,287,352,339,0 24,102,163,156,0 203,163,346,186,0
image_331_jpg.rf.eedf253f0c2b4473beaab88477a5408d.jpg 25,215,141,250,0 28,67,157,119,0 207,236,366,293,0 165,86,276,147,0 9,322,159,390,0
image_1939_jpg.rf.edf20379b920ac5aaf66f21beaf892d8.jpg 4,2,356,71,0
image_2042_jpg.rf.ee818509c6fb515af009bda5ea7b638a.jpg 18,295,214,335,0 21,55,111,124,0 66,203,156,234,0 12,131,349,171,0 301,25,404,64,0
image_3664_jpg.rf.f07d28796ea4a46decd56bded57fe6c8.jpg 23,335,153,373,0 126,132,299,166,0
image_127_jpg.rf.f3b27335c235771596943437fd45df60.jpg 168,189,382,227,0 49,83,114,127,0
image_4848_jpg.rf.f380b90b466e8c856a66c56d9a5b39ed.jpg 30,206,279,246,0
image_1950_jpg.rf.ea725f82f4b305f2a8272b0669325e42.jpg 26,126,235,163,0 29,252,118,292,0
image_3033_jpg.rf.f428487848c8409086ff0b274b8cf8df.jpg 1,247,225,284,0
image_627_jpg.rf.f41b057049182668988635fe5b7ba0a0.jpg 141,18,291,74,0 25,258,262,294,0 12,117,250,201,0
image_2090_jpg.rf.f001699dca0a207d5d117bda184ab153.jpg 21,329,209,412,0 99,215,293,250,0
image_3393_jpg.rf.f87144445bd2c6634114fd81110939c4.jpg 136,286,206,314,0 4,167,284,235,0 177,39,221,64,0
image_4820_jpg.rf.f4057cb0f94c6996b9d7efb296524af6.jpg 1,256,328,300,0
image_2258_jpg.rf.f4e889aca3063406703a32c2dd70c210.jpg 15,157,128,195,0 42,59,138,95,0 133,242,210,278,0 166,176,336,209,0
image_1335_jpg.rf.f4bd1a98e68b62733f6056777777f311.jpg 205,336,335,363,0
image_2398_jpg.rf.ef0d26ece2112cd43783645ebf134490.jpg 121,91,339,126,0
image_2130_jpg.rf.f6c3e44aa7ccaee02750ade58d905d2b.jpg 157,26,390,80,0 51,210,120,246,0 0,315,292,353,0
image_2851_jpg.rf.f81b500e39c08c4e495c1e99060954af.jpg 66,274,275,300,0 28,86,220,113,0 4,26,365,73,0 280,154,380,207,0 122,303,357,332,0
image_4928_jpg.rf.f6ceb5a3f43122165e8eb66965eddd98.jpg 8,87,340,147,0 64,291,282,331,0 94,9,393,42,0 212,201,362,264,0
image_2974_jpg.rf.f75297c60f953d387aa3a5b55f7764c0.jpg 162,238,351,301,0 4,340,147,406,0
image_3028_jpg.rf.f9b4a8c8a701b26db3844b81a7c3cdf4.jpg 96,90,337,152,0
image_4367_jpg.rf.f514d55282a4953ba9ed282a30666c83.jpg 2,260,152,290,0 7,32,152,74,0
image_1452_jpg.rf.fdc2b77ba69a5dab2d99a5725f1e316c.jpg 70,187,203,229,0 55,84,220,118,0 190,233,354,264,0
image_1862_jpg.rf.fc4514d50d7a34dc307dade7546102fc.jpg 29,249,217,324,0 217,47,339,110,0 81,162,185,202,0
image_1565_jpg.rf.f9c045b04e126dbdfde2744eac11c7b5.jpg 212,14,370,85,0 42,141,376,178,0 150,336,260,363,0
image_1934_jpg.rf.fb4de5b2f9fd8ae5ec3d345206bdf3c4.jpg 45,114,176,143,0 34,253,311,321,0
image_3287_jpg.rf.fdfbec8210b48df51cc8689b076850be.jpg 158,148,375,176,0 127,213,277,249,0 47,40,152,76,0 201,27,293,80,0 260,264,358,290,0
image_4709_jpg.rf.fa5da746bff071d3384a6f23fb7caf67.jpg 183,308,347,363,0 119,241,314,290,0
image_1729_jpg.rf.fddc961ee772a486b9d23a2044d6077d.jpg 24,148,221,187,0 15,270,173,329,0 97,61,338,94,0 196,335,361,376,0 133,212,317,250,0
image_859_jpg.rf.febe6474d310c072200f41495a724e43.jpg 28,122,188,181,0 192,305,305,345,0 60,227,345,283,0 59,41,171,92,0
image_3491_jpg.rf.fd4f2c9a6f49f228ba2a3651c3bbb17d.jpg 33,231,368,265,0 81,295,288,376,0 86,75,305,102,0 31,174,339,210,0 91,6,220,44,0
image_2423_jpg.rf.fc6899b253d9143af71c9033e88b7e45.jpg 160,170,263,239,0