/content/YOLOv1/data/img20.jpg 229,477,289,579,0 339,467,399,584,0 393,466,452,586,0
/content/YOLOv1/data/img13.jpg 93,252,150,308,1 141,262,192,320,1 222,237,276,286,1 197,273,277,339,1 263,292,320,354,1 363,268,429,322,1 412,323,486,402,1 467,341,533,414,1
/content/YOLOv1/data/img19.jpg 255,444,312,564,0 360,441,423,552,0 415,435,480,554,0
content/YOLOv1/data/imge11.jpg 256,176,310,222,0 305,181,344,229,0 379,143,424,183,0 524,146,584,197,0 424,194,482,253,0 586,202,640,273,0 357,184,426,243,0
/content/YOLOv1/data/img5.jpg 313,365,409,470,0
/content/YOLOv1/data/img16.jpg 121,337,294,550,0
/content/YOLOv1/data/img15.jpg 286,263,346,343,0 467,285,540,358,0 147,256,192,313,0 233,210,273,264,0 95,255,138,308,0 401,215,454,275,0 375,281,418,344,0 532,292,583,372,0
/content/YOLOv1/data/img6.jpg 205,410,388,626,0
/content/YOLOv1/data/img4.jpg 244,369,426,548,0
/content/YOLOv1/data/img3.jpg 242,400,413,629,0
/content/YOLOv1/data/img1.jpg 315,242,515,468,0
/content/YOLOv1/data/img12.jpg 94,254,159,303,0 148,267,197,320,0 223,239,283,285,0 203,280,283,338,0 369,268,440,324,0 268,296,330,355,0 302,302,396,375,0 422,330,545,421,0
/content/YOLOv1/data/img9.jpg 0,1,302,221,1
/content/YOLOv1/data/img7.jpg 118,406,320,634,0
/content/YOLOv1/data/img2.jpg 330,299,492,496,1
/content/YOLOv1/data/img14.jpg 254,435,311,480,0 380,455,431,503,0 154,416,196,453,0 337,408,388,447,0 302,437,356,492,0 112,410,154,448,0 214,430,260,468,0 507,478,576,543,0
/content/YOLOv1/data/img17.jpg 73,408,221,553,0
/content/YOLOv1/data/img8.jpg 82,302,260,516,1
content/YOLOv1/data/img18.jpg 453,506,576,620,0
/content/YOLOv1/data/img10.jpg 210,158,602,554,1
